{
 "cells": [
  {
   "cell_type": "markdown",
   "metadata": {},
   "source": [
    "## <center>CSCI E-82</center>\n",
    "## <center>HW 1  Dimensionality Reduction</center>\n",
    "### <center>Due: Sept 17, 2018 11:59pm EST</center>\n",
    "\n",
    "#### Note that this is an individual homework to be completed without collaborations except through Piazza.  \n",
    "\n",
    "#### We encourage you to make progress this weekend since the second homework will likely come out in a week before this one is due.\n",
    "\n"
   ]
  },
  {
   "cell_type": "markdown",
   "metadata": {},
   "source": [
    "### Your name:"
   ]
  },
  {
   "cell_type": "markdown",
   "metadata": {},
   "source": [
    "PAUL M. WASHBURN"
   ]
  },
  {
   "cell_type": "markdown",
   "metadata": {},
   "source": [
    "### Problem 1   (5 points)\n",
    "\n",
    "$$\\mathbf{X} = \\left[\\begin{array}\n",
    "{rrr}\n",
    "1 & 2 & 3 \\\\\n",
    "4 & 5 & 6 \\\\\n",
    "7 & 8 & 9\n",
    "\\end{array}\\right]\n",
    "$$\n",
    "\n",
    "$$\\mathbf{Y} = \\left[\\begin{array}\n",
    "{rrr}\n",
    "1 & 2 & 1 \\\\\n",
    "2 & 1 & 2  \n",
    "\\end{array}\\right]\n",
    "$$\n",
    "\n",
    "Compute XY<sup>T</sup>.  The answer can be computed by hand and written in Markdown like the above matrices, or computed in python.  Either way is acceptable."
   ]
  },
  {
   "cell_type": "code",
   "execution_count": 1,
   "metadata": {},
   "outputs": [],
   "source": [
    "import numpy as np\n",
    "import pandas as pd\n",
    "import matplotlib.pyplot as plt\n",
    "import seaborn as sns\n",
    "import random\n",
    "from sklearn.decomposition import PCA\n",
    "%matplotlib inline\n",
    "from functools import wraps\n",
    "import time\n",
    "\n",
    "def timing_function(some_function):\n",
    "    '''\n",
    "    Decorator function.  Outputs the time a function takes to execute.\n",
    "    '''\n",
    "    @wraps(some_function)\n",
    "    def wrapper(*args, **kwargs):\n",
    "        t1 = time.time()\n",
    "        result = some_function(*args, **kwargs)\n",
    "        t2 = time.time()\n",
    "        time_elapsed = round((t2 - t1), 2)\n",
    "        print('Runtime: ' + str(time_elapsed) + ' seconds')\n",
    "        return result\n",
    "    \n",
    "    return wrapper"
   ]
  },
  {
   "cell_type": "code",
   "execution_count": 2,
   "metadata": {},
   "outputs": [
    {
     "data": {
      "text/plain": [
       "array([[ 8, 10],\n",
       "       [20, 25],\n",
       "       [32, 40]])"
      ]
     },
     "execution_count": 2,
     "metadata": {},
     "output_type": "execute_result"
    }
   ],
   "source": [
    "X = np.arange(1, 10).reshape(3, 3)\n",
    "Y = np.array([[1, 2, 1], [2, 1, 2]])\n",
    "np.matmul(X, Y.T)"
   ]
  },
  {
   "cell_type": "code",
   "execution_count": 3,
   "metadata": {},
   "outputs": [
    {
     "data": {
      "text/plain": [
       "array([[ 8, 10],\n",
       "       [20, 25],\n",
       "       [32, 40]])"
      ]
     },
     "execution_count": 3,
     "metadata": {},
     "output_type": "execute_result"
    }
   ],
   "source": [
    "np.dot(X, Y.T)"
   ]
  },
  {
   "cell_type": "markdown",
   "metadata": {},
   "source": [
    "### Problem 2  \n",
    "\n",
    "This problem goes through a combination of python data manipulations as well as the full math projection using PCA.  We have divided the problem into multiple parts.\n",
    "\n"
   ]
  },
  {
   "cell_type": "markdown",
   "metadata": {},
   "source": [
    "### Problem 2a  (5 points)\n",
    "\n",
    "Download and load in the data set from the UCI archive https://archive.ics.uci.edu/ml/machine-learning-databases/ecoli/.  Print the dimensions and the first few rows to demonstrate a successful load."
   ]
  },
  {
   "cell_type": "code",
   "execution_count": 4,
   "metadata": {},
   "outputs": [
    {
     "name": "stdout",
     "output_type": "stream",
     "text": [
      "rows = 336, columns = 9\n"
     ]
    },
    {
     "data": {
      "text/html": [
       "<div>\n",
       "<style scoped>\n",
       "    .dataframe tbody tr th:only-of-type {\n",
       "        vertical-align: middle;\n",
       "    }\n",
       "\n",
       "    .dataframe tbody tr th {\n",
       "        vertical-align: top;\n",
       "    }\n",
       "\n",
       "    .dataframe thead th {\n",
       "        text-align: right;\n",
       "    }\n",
       "</style>\n",
       "<table border=\"1\" class=\"dataframe\">\n",
       "  <thead>\n",
       "    <tr style=\"text-align: right;\">\n",
       "      <th></th>\n",
       "      <th>sequence_name</th>\n",
       "      <th>mcg</th>\n",
       "      <th>gvh</th>\n",
       "      <th>lip</th>\n",
       "      <th>chg</th>\n",
       "      <th>aac</th>\n",
       "      <th>alm1</th>\n",
       "      <th>alm2</th>\n",
       "      <th>target</th>\n",
       "    </tr>\n",
       "  </thead>\n",
       "  <tbody>\n",
       "    <tr>\n",
       "      <th>0</th>\n",
       "      <td>AAT_ECOLI</td>\n",
       "      <td>0.49</td>\n",
       "      <td>0.29</td>\n",
       "      <td>0.48</td>\n",
       "      <td>0.5</td>\n",
       "      <td>0.56</td>\n",
       "      <td>0.24</td>\n",
       "      <td>0.35</td>\n",
       "      <td>cp</td>\n",
       "    </tr>\n",
       "    <tr>\n",
       "      <th>1</th>\n",
       "      <td>ACEA_ECOLI</td>\n",
       "      <td>0.07</td>\n",
       "      <td>0.40</td>\n",
       "      <td>0.48</td>\n",
       "      <td>0.5</td>\n",
       "      <td>0.54</td>\n",
       "      <td>0.35</td>\n",
       "      <td>0.44</td>\n",
       "      <td>cp</td>\n",
       "    </tr>\n",
       "    <tr>\n",
       "      <th>2</th>\n",
       "      <td>ACEK_ECOLI</td>\n",
       "      <td>0.56</td>\n",
       "      <td>0.40</td>\n",
       "      <td>0.48</td>\n",
       "      <td>0.5</td>\n",
       "      <td>0.49</td>\n",
       "      <td>0.37</td>\n",
       "      <td>0.46</td>\n",
       "      <td>cp</td>\n",
       "    </tr>\n",
       "    <tr>\n",
       "      <th>3</th>\n",
       "      <td>ACKA_ECOLI</td>\n",
       "      <td>0.59</td>\n",
       "      <td>0.49</td>\n",
       "      <td>0.48</td>\n",
       "      <td>0.5</td>\n",
       "      <td>0.52</td>\n",
       "      <td>0.45</td>\n",
       "      <td>0.36</td>\n",
       "      <td>cp</td>\n",
       "    </tr>\n",
       "    <tr>\n",
       "      <th>4</th>\n",
       "      <td>ADI_ECOLI</td>\n",
       "      <td>0.23</td>\n",
       "      <td>0.32</td>\n",
       "      <td>0.48</td>\n",
       "      <td>0.5</td>\n",
       "      <td>0.55</td>\n",
       "      <td>0.25</td>\n",
       "      <td>0.35</td>\n",
       "      <td>cp</td>\n",
       "    </tr>\n",
       "  </tbody>\n",
       "</table>\n",
       "</div>"
      ],
      "text/plain": [
       "  sequence_name   mcg   gvh   lip  chg   aac  alm1  alm2 target\n",
       "0     AAT_ECOLI  0.49  0.29  0.48  0.5  0.56  0.24  0.35     cp\n",
       "1    ACEA_ECOLI  0.07  0.40  0.48  0.5  0.54  0.35  0.44     cp\n",
       "2    ACEK_ECOLI  0.56  0.40  0.48  0.5  0.49  0.37  0.46     cp\n",
       "3    ACKA_ECOLI  0.59  0.49  0.48  0.5  0.52  0.45  0.36     cp\n",
       "4     ADI_ECOLI  0.23  0.32  0.48  0.5  0.55  0.25  0.35     cp"
      ]
     },
     "execution_count": 4,
     "metadata": {},
     "output_type": "execute_result"
    }
   ],
   "source": [
    "url = 'https://archive.ics.uci.edu/ml/machine-learning-databases/ecoli/ecoli.data'\n",
    "colnames = ['sequence_name', 'mcg', 'gvh', 'lip', 'chg', 'aac', 'alm1', 'alm2', 'target']\n",
    "df = pd.read_fwf(url, header=None)\n",
    "df.rename(columns=dict(zip(np.arange(0, 10), colnames)), inplace=True)\n",
    "\n",
    "print('rows = %i, columns = %i' %(df.shape[0], df.shape[1]))\n",
    "df.head()"
   ]
  },
  {
   "cell_type": "markdown",
   "metadata": {},
   "source": [
    "### Problem 2b  (10 points)\n",
    "Compute and print the covariance matrix for all columns excluding the first and last.  Rather than use the built-in function, compute this using python code for practice.  The following equation will suffice for this.\n",
    "\n",
    "Cov(X, Y) = Σ ( Xi - X ) ( Yi - Y ) / N \n"
   ]
  },
  {
   "cell_type": "code",
   "execution_count": 6,
   "metadata": {},
   "outputs": [
    {
     "data": {
      "text/html": [
       "<div>\n",
       "<style scoped>\n",
       "    .dataframe tbody tr th:only-of-type {\n",
       "        vertical-align: middle;\n",
       "    }\n",
       "\n",
       "    .dataframe tbody tr th {\n",
       "        vertical-align: top;\n",
       "    }\n",
       "\n",
       "    .dataframe thead th {\n",
       "        text-align: right;\n",
       "    }\n",
       "</style>\n",
       "<table border=\"1\" class=\"dataframe\">\n",
       "  <thead>\n",
       "    <tr style=\"text-align: right;\">\n",
       "      <th></th>\n",
       "      <th>mcg</th>\n",
       "      <th>gvh</th>\n",
       "      <th>lip</th>\n",
       "      <th>chg</th>\n",
       "      <th>aac</th>\n",
       "      <th>alm1</th>\n",
       "      <th>alm2</th>\n",
       "    </tr>\n",
       "  </thead>\n",
       "  <tbody>\n",
       "    <tr>\n",
       "      <th>mcg</th>\n",
       "      <td>0.037882</td>\n",
       "      <td>0.013115</td>\n",
       "      <td>0.002529</td>\n",
       "      <td>0.000373</td>\n",
       "      <td>0.005257</td>\n",
       "      <td>0.016670</td>\n",
       "      <td>0.006810</td>\n",
       "    </tr>\n",
       "    <tr>\n",
       "      <th>gvh</th>\n",
       "      <td>0.013115</td>\n",
       "      <td>0.021950</td>\n",
       "      <td>0.000574</td>\n",
       "      <td>0.000075</td>\n",
       "      <td>0.001266</td>\n",
       "      <td>0.005546</td>\n",
       "      <td>-0.003729</td>\n",
       "    </tr>\n",
       "    <tr>\n",
       "      <th>lip</th>\n",
       "      <td>0.002529</td>\n",
       "      <td>0.000574</td>\n",
       "      <td>0.007831</td>\n",
       "      <td>0.000753</td>\n",
       "      <td>0.000760</td>\n",
       "      <td>0.001829</td>\n",
       "      <td>-0.001067</td>\n",
       "    </tr>\n",
       "    <tr>\n",
       "      <th>chg</th>\n",
       "      <td>0.000373</td>\n",
       "      <td>0.000075</td>\n",
       "      <td>0.000753</td>\n",
       "      <td>0.000744</td>\n",
       "      <td>-0.000149</td>\n",
       "      <td>-0.000045</td>\n",
       "      <td>-0.000298</td>\n",
       "    </tr>\n",
       "    <tr>\n",
       "      <th>aac</th>\n",
       "      <td>0.005257</td>\n",
       "      <td>0.001266</td>\n",
       "      <td>0.000760</td>\n",
       "      <td>-0.000149</td>\n",
       "      <td>0.014976</td>\n",
       "      <td>0.007379</td>\n",
       "      <td>0.006475</td>\n",
       "    </tr>\n",
       "    <tr>\n",
       "      <th>alm1</th>\n",
       "      <td>0.016670</td>\n",
       "      <td>0.005546</td>\n",
       "      <td>0.001829</td>\n",
       "      <td>-0.000045</td>\n",
       "      <td>0.007379</td>\n",
       "      <td>0.046549</td>\n",
       "      <td>0.036566</td>\n",
       "    </tr>\n",
       "    <tr>\n",
       "      <th>alm2</th>\n",
       "      <td>0.006810</td>\n",
       "      <td>-0.003729</td>\n",
       "      <td>-0.001067</td>\n",
       "      <td>-0.000298</td>\n",
       "      <td>0.006475</td>\n",
       "      <td>0.036566</td>\n",
       "      <td>0.043853</td>\n",
       "    </tr>\n",
       "  </tbody>\n",
       "</table>\n",
       "</div>"
      ],
      "text/plain": [
       "           mcg       gvh       lip       chg       aac      alm1      alm2\n",
       "mcg   0.037882  0.013115  0.002529  0.000373  0.005257  0.016670  0.006810\n",
       "gvh   0.013115  0.021950  0.000574  0.000075  0.001266  0.005546 -0.003729\n",
       "lip   0.002529  0.000574  0.007831  0.000753  0.000760  0.001829 -0.001067\n",
       "chg   0.000373  0.000075  0.000753  0.000744 -0.000149 -0.000045 -0.000298\n",
       "aac   0.005257  0.001266  0.000760 -0.000149  0.014976  0.007379  0.006475\n",
       "alm1  0.016670  0.005546  0.001829 -0.000045  0.007379  0.046549  0.036566\n",
       "alm2  0.006810 -0.003729 -0.001067 -0.000298  0.006475  0.036566  0.043853"
      ]
     },
     "execution_count": 6,
     "metadata": {},
     "output_type": "execute_result"
    }
   ],
   "source": [
    "def cov_xy(m, y):\n",
    "    '''\n",
    "    Submit vectors as 1D arrays\n",
    "    '''\n",
    "    X = np.concatenate((m[:,np.newaxis], y[:,np.newaxis]), axis=1)\n",
    "    N = X.shape[0] - 1\n",
    "    X -= X.mean(axis=0)\n",
    "    C = (np.dot(X.T, X.conj()) / N).squeeze()\n",
    "    return C\n",
    "\n",
    "def cov_matrix(df, cols):\n",
    "    '''\n",
    "    Returns covariance matrix with column names\n",
    "    '''\n",
    "    # create empty dataframe with variance on the diagonals\n",
    "    # while preserving names -- leverages pd.DataFrame object\n",
    "    cov_df = pd.DataFrame(np.diag(df[cols].var()), columns=cols, index=cols)\n",
    "\n",
    "    # populate cov_df empty dataframe with covariances\n",
    "    for X in cols:\n",
    "        for Y in cols:\n",
    "            # we already have the variances, so ignore when X == Y\n",
    "            if X != Y:\n",
    "                # populate empty dataframe with symmetrical value\n",
    "                _cov = cov_xy(df[X], df[Y])[0, 1]\n",
    "                cov_df.loc[Y, X] =  _cov\n",
    "            else:\n",
    "                pass\n",
    "    return cov_df\n",
    "\n",
    "cols = ['mcg', 'gvh', 'lip', 'chg', 'aac', 'alm1', 'alm2']\n",
    "C = cov_matrix(df, cols)\n",
    "C"
   ]
  },
  {
   "cell_type": "code",
   "execution_count": 7,
   "metadata": {},
   "outputs": [
    {
     "data": {
      "text/html": [
       "<div>\n",
       "<style scoped>\n",
       "    .dataframe tbody tr th:only-of-type {\n",
       "        vertical-align: middle;\n",
       "    }\n",
       "\n",
       "    .dataframe tbody tr th {\n",
       "        vertical-align: top;\n",
       "    }\n",
       "\n",
       "    .dataframe thead th {\n",
       "        text-align: right;\n",
       "    }\n",
       "</style>\n",
       "<table border=\"1\" class=\"dataframe\">\n",
       "  <thead>\n",
       "    <tr style=\"text-align: right;\">\n",
       "      <th></th>\n",
       "      <th>mcg</th>\n",
       "      <th>gvh</th>\n",
       "      <th>lip</th>\n",
       "      <th>chg</th>\n",
       "      <th>aac</th>\n",
       "      <th>alm1</th>\n",
       "      <th>alm2</th>\n",
       "    </tr>\n",
       "  </thead>\n",
       "  <tbody>\n",
       "    <tr>\n",
       "      <th>mcg</th>\n",
       "      <td>0.037882</td>\n",
       "      <td>0.013115</td>\n",
       "      <td>0.002529</td>\n",
       "      <td>0.000373</td>\n",
       "      <td>0.005257</td>\n",
       "      <td>0.016670</td>\n",
       "      <td>0.006810</td>\n",
       "    </tr>\n",
       "    <tr>\n",
       "      <th>gvh</th>\n",
       "      <td>0.013115</td>\n",
       "      <td>0.021950</td>\n",
       "      <td>0.000574</td>\n",
       "      <td>0.000075</td>\n",
       "      <td>0.001266</td>\n",
       "      <td>0.005546</td>\n",
       "      <td>-0.003729</td>\n",
       "    </tr>\n",
       "    <tr>\n",
       "      <th>lip</th>\n",
       "      <td>0.002529</td>\n",
       "      <td>0.000574</td>\n",
       "      <td>0.007831</td>\n",
       "      <td>0.000753</td>\n",
       "      <td>0.000760</td>\n",
       "      <td>0.001829</td>\n",
       "      <td>-0.001067</td>\n",
       "    </tr>\n",
       "    <tr>\n",
       "      <th>chg</th>\n",
       "      <td>0.000373</td>\n",
       "      <td>0.000075</td>\n",
       "      <td>0.000753</td>\n",
       "      <td>0.000744</td>\n",
       "      <td>-0.000149</td>\n",
       "      <td>-0.000045</td>\n",
       "      <td>-0.000298</td>\n",
       "    </tr>\n",
       "    <tr>\n",
       "      <th>aac</th>\n",
       "      <td>0.005257</td>\n",
       "      <td>0.001266</td>\n",
       "      <td>0.000760</td>\n",
       "      <td>-0.000149</td>\n",
       "      <td>0.014976</td>\n",
       "      <td>0.007379</td>\n",
       "      <td>0.006475</td>\n",
       "    </tr>\n",
       "    <tr>\n",
       "      <th>alm1</th>\n",
       "      <td>0.016670</td>\n",
       "      <td>0.005546</td>\n",
       "      <td>0.001829</td>\n",
       "      <td>-0.000045</td>\n",
       "      <td>0.007379</td>\n",
       "      <td>0.046549</td>\n",
       "      <td>0.036566</td>\n",
       "    </tr>\n",
       "    <tr>\n",
       "      <th>alm2</th>\n",
       "      <td>0.006810</td>\n",
       "      <td>-0.003729</td>\n",
       "      <td>-0.001067</td>\n",
       "      <td>-0.000298</td>\n",
       "      <td>0.006475</td>\n",
       "      <td>0.036566</td>\n",
       "      <td>0.043853</td>\n",
       "    </tr>\n",
       "  </tbody>\n",
       "</table>\n",
       "</div>"
      ],
      "text/plain": [
       "           mcg       gvh       lip       chg       aac      alm1      alm2\n",
       "mcg   0.037882  0.013115  0.002529  0.000373  0.005257  0.016670  0.006810\n",
       "gvh   0.013115  0.021950  0.000574  0.000075  0.001266  0.005546 -0.003729\n",
       "lip   0.002529  0.000574  0.007831  0.000753  0.000760  0.001829 -0.001067\n",
       "chg   0.000373  0.000075  0.000753  0.000744 -0.000149 -0.000045 -0.000298\n",
       "aac   0.005257  0.001266  0.000760 -0.000149  0.014976  0.007379  0.006475\n",
       "alm1  0.016670  0.005546  0.001829 -0.000045  0.007379  0.046549  0.036566\n",
       "alm2  0.006810 -0.003729 -0.001067 -0.000298  0.006475  0.036566  0.043853"
      ]
     },
     "execution_count": 7,
     "metadata": {},
     "output_type": "execute_result"
    }
   ],
   "source": [
    "# make sure above is correct\n",
    "pd.DataFrame(np.cov(df[cols].T), columns=cols, index=cols)"
   ]
  },
  {
   "cell_type": "code",
   "execution_count": 8,
   "metadata": {},
   "outputs": [
    {
     "name": "stdout",
     "output_type": "stream",
     "text": [
      "True\n",
      "True\n"
     ]
    }
   ],
   "source": [
    "# make sure above is correct\n",
    "print(np.allclose(cov_matrix(df, cols), df[cols].cov()))\n",
    "print(np.allclose(cov_matrix(df, cols), np.cov(df[cols].T)))"
   ]
  },
  {
   "cell_type": "markdown",
   "metadata": {},
   "source": [
    "### Problem 2c  (10 points)\n",
    "\n",
    "Compute the decomposition of the covariance matrix using singular value decomposition.  Using a python function is definitely the way to go here."
   ]
  },
  {
   "cell_type": "code",
   "execution_count": 9,
   "metadata": {},
   "outputs": [
    {
     "name": "stdout",
     "output_type": "stream",
     "text": [
      "u =  [[-3.41720629e-01 -7.29824958e-01  4.56914809e-01  3.52555665e-01\n",
      "  -1.29441525e-01  2.62199804e-02 -8.56193962e-03]\n",
      " [-9.17492644e-02 -5.28794379e-01 -7.04480258e-01 -3.42514767e-01\n",
      "  -1.39018617e-01  2.81111220e-01  2.89703065e-04]\n",
      " [-1.99698823e-02 -7.25012267e-02  9.24097367e-02 -1.46705018e-02\n",
      "   8.54762221e-01  4.93627297e-01 -1.06318528e-01]\n",
      " [ 9.74209562e-04 -1.16809378e-02  8.81896510e-03  1.64849996e-02\n",
      "   8.61437517e-02  6.21081678e-02  9.94100049e-01]\n",
      " [-1.47115119e-01 -4.80496808e-02  4.70463079e-01 -8.66343630e-01\n",
      "  -4.86492931e-02 -3.90505852e-02  1.64278490e-02]\n",
      " [-6.89914858e-01  7.21275410e-02 -2.54072739e-01 -1.83906883e-02\n",
      "   3.50569568e-01 -5.75266798e-01  9.64476070e-03]\n",
      " [-6.13827312e-01  4.18124394e-01  2.07514962e-02  8.37356323e-02\n",
      "  -3.17196689e-01  5.83358230e-01 -5.01770938e-03]] \n",
      "\n",
      "s =  [0.08970253 0.04243901 0.01463252 0.01288363 0.00853362 0.00493527\n",
      " 0.00065892] \n",
      "\n",
      "v =  [[-3.41720629e-01 -9.17492644e-02 -1.99698823e-02  9.74209562e-04\n",
      "  -1.47115119e-01 -6.89914858e-01 -6.13827312e-01]\n",
      " [-7.29824958e-01 -5.28794379e-01 -7.25012267e-02 -1.16809378e-02\n",
      "  -4.80496808e-02  7.21275410e-02  4.18124394e-01]\n",
      " [ 4.56914809e-01 -7.04480258e-01  9.24097367e-02  8.81896510e-03\n",
      "   4.70463079e-01 -2.54072739e-01  2.07514962e-02]\n",
      " [ 3.52555665e-01 -3.42514767e-01 -1.46705018e-02  1.64849996e-02\n",
      "  -8.66343630e-01 -1.83906883e-02  8.37356323e-02]\n",
      " [-1.29441525e-01 -1.39018617e-01  8.54762221e-01  8.61437517e-02\n",
      "  -4.86492931e-02  3.50569568e-01 -3.17196689e-01]\n",
      " [ 2.62199804e-02  2.81111220e-01  4.93627297e-01  6.21081678e-02\n",
      "  -3.90505852e-02 -5.75266798e-01  5.83358230e-01]\n",
      " [-8.56193962e-03  2.89703065e-04 -1.06318528e-01  9.94100049e-01\n",
      "   1.64278490e-02  9.64476070e-03 -5.01770938e-03]] \n",
      "\n"
     ]
    },
    {
     "data": {
      "text/html": [
       "<div>\n",
       "<style scoped>\n",
       "    .dataframe tbody tr th:only-of-type {\n",
       "        vertical-align: middle;\n",
       "    }\n",
       "\n",
       "    .dataframe tbody tr th {\n",
       "        vertical-align: top;\n",
       "    }\n",
       "\n",
       "    .dataframe thead th {\n",
       "        text-align: right;\n",
       "    }\n",
       "</style>\n",
       "<table border=\"1\" class=\"dataframe\">\n",
       "  <thead>\n",
       "    <tr style=\"text-align: right;\">\n",
       "      <th></th>\n",
       "      <th>0</th>\n",
       "      <th>1</th>\n",
       "      <th>2</th>\n",
       "      <th>3</th>\n",
       "      <th>4</th>\n",
       "      <th>5</th>\n",
       "      <th>6</th>\n",
       "    </tr>\n",
       "  </thead>\n",
       "  <tbody>\n",
       "    <tr>\n",
       "      <th>0</th>\n",
       "      <td>0.037882</td>\n",
       "      <td>0.013115</td>\n",
       "      <td>0.002529</td>\n",
       "      <td>0.000373</td>\n",
       "      <td>0.005257</td>\n",
       "      <td>0.016670</td>\n",
       "      <td>0.006810</td>\n",
       "    </tr>\n",
       "    <tr>\n",
       "      <th>1</th>\n",
       "      <td>0.013115</td>\n",
       "      <td>0.021950</td>\n",
       "      <td>0.000574</td>\n",
       "      <td>0.000075</td>\n",
       "      <td>0.001266</td>\n",
       "      <td>0.005546</td>\n",
       "      <td>-0.003729</td>\n",
       "    </tr>\n",
       "    <tr>\n",
       "      <th>2</th>\n",
       "      <td>0.002529</td>\n",
       "      <td>0.000574</td>\n",
       "      <td>0.007831</td>\n",
       "      <td>0.000753</td>\n",
       "      <td>0.000760</td>\n",
       "      <td>0.001829</td>\n",
       "      <td>-0.001067</td>\n",
       "    </tr>\n",
       "    <tr>\n",
       "      <th>3</th>\n",
       "      <td>0.000373</td>\n",
       "      <td>0.000075</td>\n",
       "      <td>0.000753</td>\n",
       "      <td>0.000744</td>\n",
       "      <td>-0.000149</td>\n",
       "      <td>-0.000045</td>\n",
       "      <td>-0.000298</td>\n",
       "    </tr>\n",
       "    <tr>\n",
       "      <th>4</th>\n",
       "      <td>0.005257</td>\n",
       "      <td>0.001266</td>\n",
       "      <td>0.000760</td>\n",
       "      <td>-0.000149</td>\n",
       "      <td>0.014976</td>\n",
       "      <td>0.007379</td>\n",
       "      <td>0.006475</td>\n",
       "    </tr>\n",
       "    <tr>\n",
       "      <th>5</th>\n",
       "      <td>0.016670</td>\n",
       "      <td>0.005546</td>\n",
       "      <td>0.001829</td>\n",
       "      <td>-0.000045</td>\n",
       "      <td>0.007379</td>\n",
       "      <td>0.046549</td>\n",
       "      <td>0.036566</td>\n",
       "    </tr>\n",
       "    <tr>\n",
       "      <th>6</th>\n",
       "      <td>0.006810</td>\n",
       "      <td>-0.003729</td>\n",
       "      <td>-0.001067</td>\n",
       "      <td>-0.000298</td>\n",
       "      <td>0.006475</td>\n",
       "      <td>0.036566</td>\n",
       "      <td>0.043853</td>\n",
       "    </tr>\n",
       "  </tbody>\n",
       "</table>\n",
       "</div>"
      ],
      "text/plain": [
       "          0         1         2         3         4         5         6\n",
       "0  0.037882  0.013115  0.002529  0.000373  0.005257  0.016670  0.006810\n",
       "1  0.013115  0.021950  0.000574  0.000075  0.001266  0.005546 -0.003729\n",
       "2  0.002529  0.000574  0.007831  0.000753  0.000760  0.001829 -0.001067\n",
       "3  0.000373  0.000075  0.000753  0.000744 -0.000149 -0.000045 -0.000298\n",
       "4  0.005257  0.001266  0.000760 -0.000149  0.014976  0.007379  0.006475\n",
       "5  0.016670  0.005546  0.001829 -0.000045  0.007379  0.046549  0.036566\n",
       "6  0.006810 -0.003729 -0.001067 -0.000298  0.006475  0.036566  0.043853"
      ]
     },
     "execution_count": 9,
     "metadata": {},
     "output_type": "execute_result"
    }
   ],
   "source": [
    "u, s, v = np.linalg.svd(C)\n",
    "print('u = ', u, '\\n')\n",
    "print('s = ', s, '\\n')\n",
    "print('v = ', v, '\\n')\n",
    "pd.DataFrame(np.dot(u, np.dot(np.diag(s), v)))"
   ]
  },
  {
   "cell_type": "markdown",
   "metadata": {},
   "source": [
    "### Problem 2d  (10 points)\n",
    "\n",
    "Compute the projection of the raw data onto the appropriate two eigenvectors.  Consider which columns should be projected and the normalizations."
   ]
  },
  {
   "cell_type": "code",
   "execution_count": 10,
   "metadata": {},
   "outputs": [
    {
     "name": "stdout",
     "output_type": "stream",
     "text": [
      "Eigenvalues \n",
      "[0.00065892 0.00493527 0.00853362 0.01288363 0.01463252 0.04243901\n",
      " 0.08970253]\n",
      "\n",
      "Eigenvectors \n",
      "[[-8.56193962e-03  2.62199804e-02 -1.29441525e-01  3.52555665e-01\n",
      "   4.56914809e-01 -7.29824958e-01 -3.41720629e-01]\n",
      " [ 2.89703065e-04  2.81111220e-01 -1.39018617e-01 -3.42514767e-01\n",
      "  -7.04480258e-01 -5.28794379e-01 -9.17492644e-02]\n",
      " [-1.06318528e-01  4.93627297e-01  8.54762221e-01 -1.46705018e-02\n",
      "   9.24097367e-02 -7.25012267e-02 -1.99698823e-02]\n",
      " [ 9.94100049e-01  6.21081678e-02  8.61437517e-02  1.64849996e-02\n",
      "   8.81896510e-03 -1.16809378e-02  9.74209562e-04]\n",
      " [ 1.64278490e-02 -3.90505852e-02 -4.86492931e-02 -8.66343630e-01\n",
      "   4.70463079e-01 -4.80496808e-02 -1.47115119e-01]\n",
      " [ 9.64476070e-03 -5.75266798e-01  3.50569568e-01 -1.83906883e-02\n",
      "  -2.54072739e-01  7.21275410e-02 -6.89914858e-01]\n",
      " [-5.01770938e-03  5.83358230e-01 -3.17196689e-01  8.37356323e-02\n",
      "   2.07514962e-02  4.18124394e-01 -6.13827312e-01]]\n",
      "\n",
      "np.dot(eigenvectors[1], eigenvectors[0]) = \n",
      " -1.1796119636642288e-16 \n",
      "\n",
      "eigenvalues = \n",
      " [0.08970253 0.04243901 0.01463252 0.01288363 0.00853362 0.00493527\n",
      " 0.00065892] \n",
      "\n",
      "idx =  [6 5 4 3 2 1 0] \n",
      "\n",
      "eigenvectors =  [[-3.41720629e-01 -7.29824958e-01  4.56914809e-01  3.52555665e-01\n",
      "  -1.29441525e-01  2.62199804e-02 -8.56193962e-03]\n",
      " [-9.17492644e-02 -5.28794379e-01 -7.04480258e-01 -3.42514767e-01\n",
      "  -1.39018617e-01  2.81111220e-01  2.89703065e-04]\n",
      " [-1.99698823e-02 -7.25012267e-02  9.24097367e-02 -1.46705018e-02\n",
      "   8.54762221e-01  4.93627297e-01 -1.06318528e-01]\n",
      " [ 9.74209562e-04 -1.16809378e-02  8.81896510e-03  1.64849996e-02\n",
      "   8.61437517e-02  6.21081678e-02  9.94100049e-01]\n",
      " [-1.47115119e-01 -4.80496808e-02  4.70463079e-01 -8.66343630e-01\n",
      "  -4.86492931e-02 -3.90505852e-02  1.64278490e-02]\n",
      " [-6.89914858e-01  7.21275410e-02 -2.54072739e-01 -1.83906883e-02\n",
      "   3.50569568e-01 -5.75266798e-01  9.64476070e-03]\n",
      " [-6.13827312e-01  4.18124394e-01  2.07514962e-02  8.37356323e-02\n",
      "  -3.17196689e-01  5.83358230e-01 -5.01770938e-03]] \n",
      "\n",
      "eigenvectors[:,idx[0]] =  [-8.56193962e-03  2.89703065e-04 -1.06318528e-01  9.94100049e-01\n",
      "  1.64278490e-02  9.64476070e-03 -5.01770938e-03]\n"
     ]
    }
   ],
   "source": [
    "assert np.linalg.det(C) >= 0 \n",
    "\n",
    "eigenvalues, eigenvectors = np.linalg.eigh(C)\n",
    "print('Eigenvalues \\n%s\\n' %eigenvalues)\n",
    "print('Eigenvectors \\n%s\\n' %eigenvectors)\n",
    "\n",
    "# eigenvectors orthonormal\n",
    "print('np.dot(eigenvectors[1], eigenvectors[0]) = \\n', np.dot(eigenvectors[1], eigenvectors[0]), '\\n')\n",
    "\n",
    "for vec in eigenvectors:\n",
    "    assert np.allclose(1, np.linalg.norm(vec))\n",
    "#print(eigenvectors[:,1])\n",
    "\n",
    "# sort eigenvalues in desc order\n",
    "idx = np.argsort (-eigenvalues )\n",
    "eigenvalues = eigenvalues [ idx ]\n",
    "eigenvectors = eigenvectors [: , idx ]\n",
    "\n",
    "print('eigenvalues = \\n', eigenvalues, '\\n')\n",
    "print('idx = ', idx, '\\n')\n",
    "print('eigenvectors = ', eigenvectors, '\\n')\n",
    "\n",
    "print('eigenvectors[:,idx[0]] = ', eigenvectors[:,idx[0]])"
   ]
  },
  {
   "cell_type": "markdown",
   "metadata": {},
   "source": [
    "### Problem 2e  (10 points)\n",
    "\n",
    "Plot the projected points such that the 8 different classes can be visually identified.  Be sure to label the classes and axes.  Commont on the quality of the separation of the different classes using PCA."
   ]
  },
  {
   "cell_type": "code",
   "execution_count": 11,
   "metadata": {},
   "outputs": [
    {
     "data": {
      "text/html": [
       "<div>\n",
       "<style scoped>\n",
       "    .dataframe tbody tr th:only-of-type {\n",
       "        vertical-align: middle;\n",
       "    }\n",
       "\n",
       "    .dataframe tbody tr th {\n",
       "        vertical-align: top;\n",
       "    }\n",
       "\n",
       "    .dataframe thead th {\n",
       "        text-align: right;\n",
       "    }\n",
       "</style>\n",
       "<table border=\"1\" class=\"dataframe\">\n",
       "  <thead>\n",
       "    <tr style=\"text-align: right;\">\n",
       "      <th></th>\n",
       "      <th>sequence_name</th>\n",
       "      <th>mcg</th>\n",
       "      <th>gvh</th>\n",
       "      <th>lip</th>\n",
       "      <th>chg</th>\n",
       "      <th>aac</th>\n",
       "      <th>alm1</th>\n",
       "      <th>alm2</th>\n",
       "      <th>target</th>\n",
       "    </tr>\n",
       "  </thead>\n",
       "  <tbody>\n",
       "    <tr>\n",
       "      <th>0</th>\n",
       "      <td>AAT_ECOLI</td>\n",
       "      <td>0.49</td>\n",
       "      <td>0.29</td>\n",
       "      <td>0.48</td>\n",
       "      <td>0.5</td>\n",
       "      <td>0.56</td>\n",
       "      <td>0.24</td>\n",
       "      <td>0.35</td>\n",
       "      <td>cp</td>\n",
       "    </tr>\n",
       "    <tr>\n",
       "      <th>1</th>\n",
       "      <td>ACEA_ECOLI</td>\n",
       "      <td>0.07</td>\n",
       "      <td>0.40</td>\n",
       "      <td>0.48</td>\n",
       "      <td>0.5</td>\n",
       "      <td>0.54</td>\n",
       "      <td>0.35</td>\n",
       "      <td>0.44</td>\n",
       "      <td>cp</td>\n",
       "    </tr>\n",
       "    <tr>\n",
       "      <th>2</th>\n",
       "      <td>ACEK_ECOLI</td>\n",
       "      <td>0.56</td>\n",
       "      <td>0.40</td>\n",
       "      <td>0.48</td>\n",
       "      <td>0.5</td>\n",
       "      <td>0.49</td>\n",
       "      <td>0.37</td>\n",
       "      <td>0.46</td>\n",
       "      <td>cp</td>\n",
       "    </tr>\n",
       "    <tr>\n",
       "      <th>3</th>\n",
       "      <td>ACKA_ECOLI</td>\n",
       "      <td>0.59</td>\n",
       "      <td>0.49</td>\n",
       "      <td>0.48</td>\n",
       "      <td>0.5</td>\n",
       "      <td>0.52</td>\n",
       "      <td>0.45</td>\n",
       "      <td>0.36</td>\n",
       "      <td>cp</td>\n",
       "    </tr>\n",
       "    <tr>\n",
       "      <th>4</th>\n",
       "      <td>ADI_ECOLI</td>\n",
       "      <td>0.23</td>\n",
       "      <td>0.32</td>\n",
       "      <td>0.48</td>\n",
       "      <td>0.5</td>\n",
       "      <td>0.55</td>\n",
       "      <td>0.25</td>\n",
       "      <td>0.35</td>\n",
       "      <td>cp</td>\n",
       "    </tr>\n",
       "  </tbody>\n",
       "</table>\n",
       "</div>"
      ],
      "text/plain": [
       "  sequence_name   mcg   gvh   lip  chg   aac  alm1  alm2 target\n",
       "0     AAT_ECOLI  0.49  0.29  0.48  0.5  0.56  0.24  0.35     cp\n",
       "1    ACEA_ECOLI  0.07  0.40  0.48  0.5  0.54  0.35  0.44     cp\n",
       "2    ACEK_ECOLI  0.56  0.40  0.48  0.5  0.49  0.37  0.46     cp\n",
       "3    ACKA_ECOLI  0.59  0.49  0.48  0.5  0.52  0.45  0.36     cp\n",
       "4     ADI_ECOLI  0.23  0.32  0.48  0.5  0.55  0.25  0.35     cp"
      ]
     },
     "execution_count": 11,
     "metadata": {},
     "output_type": "execute_result"
    }
   ],
   "source": [
    "df.head()"
   ]
  },
  {
   "cell_type": "code",
   "execution_count": 12,
   "metadata": {},
   "outputs": [],
   "source": [
    "# import matplotlib.pyplot as plt\n",
    "# import seaborn as sns\n",
    "# %matplotlib inline\n",
    "\n",
    "# df_eig = pd.DataFrame(eigenvectors[:, idx])\n",
    "\n",
    "# fig, ax = plt.subplots(figsize=(15, 6))\n",
    "# ax.scatter(df_eig[0], df_eig[1])"
   ]
  },
  {
   "cell_type": "code",
   "execution_count": 13,
   "metadata": {},
   "outputs": [
    {
     "data": {
